
pawn_robust

grasp_matrix_0 = np.array([[ 1.42878688e-03, 5.31782264e-03, -9.99984840e-01, -1.22698139e-04],
 [ 2.59472583e-01,  9.65734776e-01,  5.50642075e-03,  4.36030044e-03],
 [ 9.65749417e-01, -2.59476517e-01,  0.00000000e+00,  7.00488557e-02],
 [ 0.00000000e+00,  0.00000000e+00,  0.00000000e+00,  1.00000000e+00]])

 grasp_matrix_1 = np.array[[-2.88182460e-02  9.53017785e-01  3.01540397e-01 -5.44040953e-05]
 [ 9.11409549e-03 -3.01402628e-01  9.53453402e-01 -5.64824409e-03]
 [ 9.99543117e-01  3.02251227e-02 -0.00000000e+00  6.70636624e-02]
 [ 0.00000000e+00  0.00000000e+00  0.00000000e+00  1.00000000e+00]]

 grasp_matrix_2 = np.array([[-8.89717638e-01,  4.00650491e-01,  2.18818897e-01, -1.22653607e-03],
 [ 4.56511254e-01,  7.80847799e-01,  4.26467102e-01,  7.93409504e-04]
 [ 0.00000000e+00,  4.79328592e-01, -8.77635517e-01,  6.16408304e-02]
 [ 0.00000000e+00,  0.00000000e+00,  0.00000000e+00,  1.00000000e+00]]
)

grasp_matrix_3 = np.array([[ 0.20610367,  0.91502582, -0.34676942,  0.00138304],
 [ 0.07619854,  0.33829398,  0.93795041,  0.00308053],
 [ 0.97555884, -0.21973835,  0.,          0.05762502],
 [ 0.,          0.,          0.,          1.        ]])


nozzle_robust
 grasp_matrix_0 = np.array([[ 0.24145154, -0.96128472,  0.13278872,  0.00423318]
 [-0.97041288, -0.23918033,  0.03303959, -0.00574876],
 [ 0.,         -0.13683734, -0.99059353,  0.02895586],
 [ 0.,          0.,          0.,          1.        ]])



  grasp_matrix_1 = [[ 0.24145154 -0.96128472  0.13278872  0.00423318]
 [-0.97041288 -0.23918033  0.03303959 -0.00574876]
 [ 0.         -0.13683734 -0.99059353  0.02895586]
 [ 0.          0.          0.          1.        ]]